,AD,ALS,AnorexiaNervosa,BipolarDisorder,BrainAneurysm,EssentialTremor,FrontotemporalDementia,IntracranialHemorrhage,LBD,MajorDepressiveDisorder,MigraineDisorder,MigraineWithAura,MS,NarcolepsyCataplexy,Narcolepsy,NeuroticDisorder,OCD,PartialEpilepsy,PD,ProgressiveSupranuclearPalsy,RestlessLeg,Schizophrenia,TouretteSyndrome,UnipolarDepression
AD,0.0,4.540877811564323,5.30628451289143,5.34568433884419,4.381270724141273,4.153944499818787,4.298126530848857,3.8498351384735567,4.045536115515642,5.022941705700661,4.558755179123192,4.36555458497572,6.058382146398415,4.403204690214574,4.403204690214574,4.638320448379125,5.26447100473901,4.599812026799348,4.146708394938531,4.33020570034252,4.583548823868607,4.850127453851797,5.316864129913592,5.507214647488626
ALS,4.540877811564323,0.0,4.6539344427032345,4.914329221186264,3.5836464406939106,3.302331826947552,3.083795187380575,3.0101182243555993,3.4491426349157273,4.055881452405008,3.9257339302285374,3.6106639747747273,5.667090222198393,3.60571703126162,3.60571703126162,3.9271972944280646,4.62649299551377,3.8002193911853235,3.6360258375851,3.560432026150133,3.8300869175929044,4.201281553061966,4.683954497265393,4.796414075983331
AnorexiaNervosa,5.30628451289143,4.6539344427032345,0.0,3.786926725533572,4.416935181339608,4.211612889269571,4.560798373377812,3.9866150208250897,4.3612728027412775,4.350302290992503,4.6585287727188,4.440343599859163,6.205203531939079,4.466318594407471,4.466318594407471,4.363672214885231,1.286719049433743,4.631305563913611,4.527452939810002,4.394375316556138,4.452860188550676,3.820545256432564,1.4432487299309669,3.783360972391802
BipolarDisorder,5.34568433884419,4.914329221186264,3.786926725533572,0.0,4.681730036337961,4.487735478458449,4.806334395753995,4.24499353128871,4.617288088515432,4.682583578614581,4.857724648748956,4.67979332508583,6.256945068417773,4.683230078650502,4.683230078650502,4.700267853452679,3.755040243885499,4.812264544003372,4.696227318550103,4.661875989084351,4.783701274286131,4.035456665289206,3.7326118396324266,3.6918066834346446
BrainAneurysm,4.381270724141273,3.5836464406939106,4.416935181339608,4.681730036337961,0.0,2.965675974309969,3.533872921263857,2.6364085825088504,3.1713191833502097,4.151534822169246,3.6598174097075256,3.2841865834303365,5.440467343268357,3.323076016382939,3.323076016382939,3.6464093902552692,4.3552613116931065,3.6119580362435957,3.4290693888977426,3.2506175878062904,3.5439249830121176,3.9792510286577056,4.421648380455071,4.729973777449613
EssentialTremor,4.153944499818787,3.302331826947552,4.211612889269571,4.487735478458449,2.965675974309969,0.0,3.178397726197347,2.131892701081384,2.7737615018404367,3.853939811651005,3.3690694879753664,2.9207788871634524,5.266835316468371,2.9389029386843317,2.9389029386843317,3.2511450869753453,4.146541029411087,3.263191248090129,3.085457524778751,2.856716817812604,3.186490320186567,3.6193437734503653,4.2162149282714925,4.491086972801751
FrontotemporalDementia,4.298126530848857,3.083795187380575,4.560798373377812,4.806334395753995,3.533872921263857,3.178397726197347,0.0,2.873608918371945,3.308261223844579,3.7034109913345925,3.8796216657984863,3.496172439533022,5.587250542487542,3.5126586952769703,3.5126586952769703,3.793686223798012,4.566986929218678,3.761080310049349,3.5573022916658577,3.407053172214586,3.671676669694878,4.154832517006163,4.630338590360096,4.661058106054707
IntracranialHemorrhage,3.8498351384735567,3.0101182243555993,3.9866150208250897,4.24499353128871,2.6364085825088504,2.131892701081384,2.873608918371945,0.0,2.4185055506281277,3.606697693754506,3.0831875460489067,2.5858007539168186,5.088798743562602,2.6062553050286703,2.6062553050286703,3.010390268987624,3.9178078952133766,3.008161298820209,2.770462843306153,2.5132145166102147,2.8825573350706546,3.4588941350344444,3.991476483281097,4.306720820166483
LBD,4.045536115515642,3.4491426349157273,4.3612728027412775,4.617288088515432,3.1713191833502097,2.7737615018404367,3.308261223844579,2.4185055506281277,0.0,4.019583894047027,3.5451688158550985,3.1087455047206576,5.369722052551356,3.1529911346450126,3.1529911346450126,3.4944578926050416,4.2984719017176065,3.472652750176215,2.8615838598395786,3.0765294711108253,3.38495541609871,3.8760360775814577,4.365721761936441,4.6536593054949105
MajorDepressiveDisorder,5.022941705700661,4.055881452405008,4.350302290992503,4.682583578614581,4.151534822169246,3.853939811651005,3.7034109913345925,3.606697693754506,4.019583894047027,0.0,4.445814873892867,4.120452214897564,5.93714606184283,4.130604374381315,4.130604374381315,3.8109549214181717,4.398529702567153,4.3703922571236085,4.216593579838789,4.077270262001872,4.072025984472787,4.234787404247812,4.464278745124665,4.417012994637708
MigraineDisorder,4.558755179123192,3.9257339302285374,4.6585287727188,4.857724648748956,3.6598174097075256,3.3690694879753664,3.8796216657984863,3.0831875460489067,3.5451688158550985,4.445814873892867,0.0,3.03117126479819,5.5782389839827395,3.6866600911094176,3.6866600911094176,3.962065210167182,4.599920836291298,3.886687971470595,3.733175234703952,3.566473244964122,3.8698082923578534,3.9721076127223,4.661298322413948,4.900737632272312
MigraineWithAura,4.36555458497572,3.6106639747747273,4.440343599859163,4.67979332508583,3.2841865834303365,2.9207788871634524,3.496172439533022,2.5858007539168186,3.1087455047206576,4.120452214897564,3.03117126479819,0.0,5.420481392601863,3.2801479112687746,3.2801479112687746,3.6106881905530184,4.37867224899727,3.5432423546746015,3.4033933462731394,3.2097087137629914,3.5064397342894615,3.637775760552891,4.444069630376695,4.710065299879855
MS,6.058382146398415,5.667090222198393,6.205203531939079,6.256945068417773,5.440467343268357,5.266835316468371,5.587250542487542,5.088798743562602,5.369722052551356,5.93714606184283,5.5782389839827395,5.420481392601863,0.0,5.370882469910157,5.370882469910157,5.637205761650414,6.168107135996313,5.556987918595225,5.404263695190214,5.35540450013475,5.575438476704277,5.782162680251088,6.214943935559511,6.195964432372517
NarcolepsyCataplexy,4.403204690214574,3.60571703126162,4.466318594407471,4.683230078650502,3.323076016382939,2.9389029386843317,3.5126586952769703,2.6062553050286703,3.1529911346450126,4.130604374381315,3.6866600911094176,3.2801479112687746,5.370882469910157,0.0,0.0,3.624032805222468,4.405010915566011,3.625081846863332,3.4298080942220923,3.2262100370619664,3.516873715076389,3.989574005129196,4.470658450283805,4.754999597124357
Narcolepsy,4.403204690214574,3.60571703126162,4.466318594407471,4.683230078650502,3.323076016382939,2.9389029386843317,3.5126586952769703,2.6062553050286703,3.1529911346450126,4.130604374381315,3.6866600911094176,3.2801479112687746,5.370882469910157,0.0,0.0,3.624032805222468,4.405010915566011,3.625081846863332,3.4298080942220923,3.2262100370619664,3.516873715076389,3.989574005129196,4.470658450283805,4.754999597124357
NeuroticDisorder,4.638320448379125,3.9271972944280646,4.363672214885231,4.700267853452679,3.6464093902552692,3.2511450869753453,3.793686223798012,3.010390268987624,3.4944578926050416,3.8109549214181717,3.962065210167182,3.6106881905530184,5.637205761650414,3.624032805222468,3.624032805222468,0.0,4.300609125392592,3.9256975513262997,3.718640874794785,3.532722847437399,3.8275977071020373,4.0345105726682045,4.3681140757507775,4.005715181256108
OCD,5.26447100473901,4.62649299551377,1.286719049433743,3.755040243885499,4.3552613116931065,4.146541029411087,4.566986929218678,3.9178078952133766,4.2984719017176065,4.398529702567153,4.599920836291298,4.37867224899727,6.168107135996313,4.405010915566011,4.405010915566011,4.300609125392592,0.0,4.572436056960771,4.46712011146089,4.332049607551353,4.574789538194198,3.845877063851122,1.3018053385721382,3.806266721409437
PartialEpilepsy,4.599812026799348,3.8002193911853235,4.631305563913611,4.812264544003372,3.6119580362435957,3.263191248090129,3.761080310049349,3.008161298820209,3.472652750176215,4.3703922571236085,3.886687971470595,3.5432423546746015,5.556987918595225,3.625081846863332,3.625081846863332,3.9256975513262997,4.572436056960771,0.0,3.6100462193638516,3.525729491182756,3.824251590286908,4.1810225302575965,4.635713244977011,4.900703851226287
PD,4.146708394938531,3.6360258375851,4.527452939810002,4.696227318550103,3.4290693888977426,3.085457524778751,3.5573022916658577,2.770462843306153,2.8615838598395786,4.216593579838789,3.733175234703952,3.4033933462731394,5.404263695190214,3.4298080942220923,3.4298080942220923,3.718640874794785,4.46712011146089,3.6100462193638516,0.0,3.343250015188579,3.6442790641869576,3.20958888708154,4.530472479685104,4.775828954774556
ProgressiveSupranuclearPalsy,4.33020570034252,3.560432026150133,4.394375316556138,4.661875989084351,3.2506175878062904,2.856716817812604,3.407053172214586,2.5132145166102147,3.0765294711108253,4.077270262001872,3.566473244964122,3.2097087137629914,5.35540450013475,3.2262100370619664,3.2262100370619664,3.532722847437399,4.332049607551353,3.525729491182756,3.343250015188579,0.0,3.4532595150406706,3.9228844908343143,4.398786152460206,4.688732678333892
RestlessLeg,4.583548823868607,3.8300869175929044,4.452860188550676,4.783701274286131,3.5439249830121176,3.186490320186567,3.671676669694878,2.8825573350706546,3.38495541609871,4.072025984472787,3.8698082923578534,3.5064397342894615,5.575438476704277,3.516873715076389,3.516873715076389,3.8275977071020373,4.574789538194198,3.824251590286908,3.6442790641869576,3.4532595150406706,0.0,4.11698243060417,4.638034619491175,4.806303456644756
Schizophrenia,4.850127453851797,4.201281553061966,3.820545256432564,4.035456665289206,3.9792510286577056,3.6193437734503653,4.154832517006163,3.4588941350344444,3.8760360775814577,4.234787404247812,3.9721076127223,3.637775760552891,5.782162680251088,3.989574005129196,3.989574005129196,4.0345105726682045,3.845877063851122,4.1810225302575965,3.20958888708154,3.9228844908343143,4.11698243060417,0.0,3.9117666862679736,4.2616036470661065
TouretteSyndrome,5.316864129913592,4.683954497265393,1.4432487299309669,3.7326118396324266,4.421648380455071,4.2162149282714925,4.630338590360096,3.991476483281097,4.365721761936441,4.464278745124665,4.661298322413948,4.444069630376695,6.214943935559511,4.470658450283805,4.470658450283805,4.3681140757507775,1.3018053385721382,4.635713244977011,4.530472479685104,4.398786152460206,4.638034619491175,3.9117666862679736,0.0,3.8690719725199854
UnipolarDepression,5.507214647488626,4.796414075983331,3.783360972391802,3.6918066834346446,4.729973777449613,4.491086972801751,4.661058106054707,4.306720820166483,4.6536593054949105,4.417012994637708,4.900737632272312,4.710065299879855,6.195964432372517,4.754999597124357,4.754999597124357,4.005715181256108,3.806266721409437,4.900703851226287,4.775828954774556,4.688732678333892,4.806303456644756,4.2616036470661065,3.8690719725199854,0.0
